0.05610320959151976 0.05583416537532229 0.05610320959151976
0.056050775086418224 0.0565269683409447 0.056050775086418224
0.056050775086418224 0.05606451933381159 0.056050775086418224
0.056050775086418224 0.05567098935794584 0.056050775086418224
0.056050775086418224 0.05643235812774211 0.056050775086418224
0.056050775086418224 0.05574811493311389 0.056050775086418224
0.056050775086418224 0.05587394209250868 0.056050775086418224
0.056050775086418224 0.056085279280393245 0.056050775086418224
0.056050775086418224 0.05573609513717346 0.056050775086418224
0.056050775086418224 0.055942824785069914 0.056050775086418224
0.056050775086418224 0.05618789739197115 0.056050775086418224
0.056050775086418224 0.05644119279032075 0.056050775086418224
0.056050775086418224 0.055674493412421665 0.056050775086418224
0.056050775086418224 0.05568992604794752 0.056050775086418224
0.056050775086418224 0.05511889068458682 0.056050775086418224
0.056050775086418224 0.055450980510064925 0.056050775086418224
0.056050775086418224 0.05594871045869754 0.056050775086418224
0.056050775086418224 0.05627597523402428 0.056050775086418224
0.056050775086418224 0.05581476893943332 0.056050775086418224
0.056050775086418224 0.05657820947709887 0.056050775086418224
0.056050775086418224 0.05585638810106056 0.056050775086418224
0.056050775086418224 0.05603568396827543 0.056050775086418224
0.056050775086418224 0.05595018613395129 0.056050775086418224
0.056050775086418224 0.055499344193596804 0.056050775086418224
0.056050775086418224 0.0560410963457955 0.056050775086418224
0.056050775086418224 0.05621728897545954 0.056050775086418224
0.056050775086418224 0.05601818828430251 0.056050775086418224
0.056050775086418224 0.05695997890033766 0.056050775086418224
0.056050775086418224 0.05568359804185977 0.056050775086418224
0.056050775086418224 0.05549729416384605 0.056050775086418224
0.056050775086418224 0.055645148713543584 0.056050775086418224
0.056050775086418224 0.055855935417658854 0.056050775086418224
0.056050775086418224 0.05606086264040949 0.056050775086418224
0.056050775086418224 0.05651073331131861 0.056050775086418224
0.056050775086418224 0.05535157351383002 0.056050775086418224
0.056050775086418224 0.05603407428107762 0.056050775086418224
0.056050775086418224 0.056334626129110596 0.056050775086418224
0.056050775086418224 0.05666577907366402 0.056050775086418224
0.056050775086418224 0.05558135403930957 0.056050775086418224
0.056050775086418224 0.055717687170593055 0.056050775086418224
0.056050775086418224 0.05566265769375577 0.056050775086418224
0.056050775086418224 0.05572882115575211 0.056050775086418224
0.056050775086418224 0.05564039571120191 0.056050775086418224
0.056050775086418224 0.0557723823792733 0.056050775086418224
0.056050775086418224 0.05594746807228653 0.056050775086418224
0.056050775086418224 0.0554670449936695 0.056050775086418224
0.056050775086418224 0.05700414505277278 0.056050775086418224
0.056050775086418224 0.05642474262430539 0.056050775086418224
0.056050775086418224 0.0564123001872958 0.056050775086418224
0.056050775086418224 0.05656398237565575 0.056050775086418224
0.056050775086418224 0.05604031602531696 0.056050775086418224
0.056050775086418224 0.056262709301712725 0.056050775086418224
0.056050775086418224 0.05572772040825145 0.056050775086418224
0.056050775086418224 0.05649208581578464 0.056050775086418224
0.056050775086418224 0.05614656650447807 0.056050775086418224
0.056050775086418224 0.05621378427917956 0.056050775086418224
0.056050775086418224 0.056346779943416685 0.056050775086418224
0.056050775086418224 0.055841675802042925 0.056050775086418224
0.056050775086418224 0.05610131857149634 0.056050775086418224
0.056050775086418224 0.05582865524824537 0.056050775086418224
0.056050775086418224 0.055758562236584756 0.056050775086418224
0.056050775086418224 0.056490526409886256 0.056050775086418224
0.056050775086418224 0.05592403567387739 0.056050775086418224
0.056050775086418224 0.055952588821682574 0.056050775086418224
0.056050775086418224 0.056443559696252 0.056050775086418224
0.056050775086418224 0.055814498452390324 0.056050775086418224
0.056050775086418224 0.05607633379562275 0.056050775086418224
0.056050775086418224 0.05561554263089727 0.056050775086418224
0.056050775086418224 0.056175501415049164 0.056050775086418224
0.056050775086418224 0.05585250520434723 0.056050775086418224
0.056050775086418224 0.05585802987436071 0.056050775086418224
0.056050775086418224 0.05553917480171704 0.056050775086418224
0.056050775086418224 0.055932949821734294 0.056050775086418224
0.056050775086418224 0.05604676368310914 0.056050775086418224
0.056050775086418224 0.05595661495787485 0.056050775086418224
0.056050775086418224 0.056452194873001654 0.056050775086418224
0.056050775086418224 0.05661122953428517 0.056050775086418224
0.056050775086418224 0.055976753495052725 0.056050775086418224
0.056050775086418224 0.056330847362203805 0.056050775086418224
0.056050775086418224 0.055501317816675326 0.056050775086418224
0.056050775086418224 0.056217145437834994 0.056050775086418224
0.056050775086418224 0.05649603120628392 0.056050775086418224
0.056050775086418224 0.05593976307457757 0.056050775086418224
0.056050775086418224 0.05663087711800654 0.056050775086418224
0.056050775086418224 0.055387021786792584 0.056050775086418224
0.056050775086418224 0.05625254991714009 0.056050775086418224
0.056050775086418224 0.05599102607505358 0.056050775086418224
0.056050775086418224 0.05611601049078425 0.056050775086418224
0.056050775086418224 0.055869402865227416 0.056050775086418224
0.056050775086418224 0.05597207049680301 0.056050775086418224
0.056050775086418224 0.05580755397359226 0.056050775086418224
0.056050775086418224 0.05695914451250153 0.056050775086418224
0.056050775086418224 0.05589939156392372 0.056050775086418224
0.056050775086418224 0.05582573886230791 0.056050775086418224
0.056050775086418224 0.05598738960605482 0.056050775086418224
0.056050775086418224 0.05610300995614449 0.056050775086418224
0.056050775086418224 0.055806181713714445 0.056050775086418224
0.056050775086418224 0.055990333544247074 0.056050775086418224
0.056050775086418224 0.05617557461383554 0.056050775086418224
0.056050775086418224 0.05596805769912421 0.056050775086418224
0.056050775086418224 0.055947107203446464 0.056050775086418224
0.056050775086418224 0.05569620373866953 0.056050775086418224
0.056050775086418224 0.05562589760026587 0.056050775086418224
0.056050775086418224 0.05629005477534759 0.056050775086418224
0.056050775086418224 0.05579180637074169 0.056050775086418224
0.056050775086418224 0.05641113931693166 0.056050775086418224
0.056050775086418224 0.05611128555323127 0.056050775086418224
0.056050775086418224 0.05631870846468592 0.056050775086418224
0.056050775086418224 0.05563477070989777 0.056050775086418224
0.056050775086418224 0.056053456849908506 0.056050775086418224
0.056050775086418224 0.05621390013324733 0.056050775086418224
0.056050775086418224 0.05618530212462994 0.056050775086418224
0.056050775086418224 0.05665169962741521 0.056050775086418224
0.056050775086418224 0.056498180929384974 0.056050775086418224
0.056050775086418224 0.055543695476604024 0.056050775086418224
0.056050775086418224 0.05653577924307071 0.056050775086418224
0.056050775086418224 0.0563168956322991 0.056050775086418224
0.056050775086418224 0.056284936643195116 0.056050775086418224
0.056050775086418224 0.055689509728112346 0.056050775086418224
0.056050775086418224 0.05595989365098398 0.056050775086418224
0.056050775086418224 0.05660022506380426 0.056050775086418224
0.056050775086418224 0.055896305569219276 0.056050775086418224
0.056050775086418224 0.05630205415778862 0.056050775086418224
0.056050775086418224 0.05601233519382252 0.056050775086418224
0.056050775086418224 0.0554384039273665 0.056050775086418224
0.056050775086418224 0.056686841272249926 0.056050775086418224
0.056050775086418224 0.05623037714214991 0.056050775086418224
0.056050775086418224 0.056715230331560666 0.056050775086418224
0.056050775086418224 0.056284890099145383 0.056050775086418224
0.056050775086418224 0.056357582323863516 0.056050775086418224
0.056050775086418224 0.05581048649020449 0.056050775086418224
0.056050775086418224 0.05594655608384878 0.056050775086418224
0.056050775086418224 0.056438937761609506 0.056050775086418224
0.056050775086418224 0.0561156613598184 0.056050775086418224
0.056050775086418224 0.056905567719365335 0.056050775086418224
0.056050775086418224 0.055952144881755324 0.056050775086418224
0.056050775086418224 0.05714610752996134 0.056050775086418224
0.056050775086418224 0.056226233584668384 0.056050775086418224
0.056050775086418224 0.05588108607721481 0.056050775086418224
0.056050775086418224 0.05621473930479335 0.056050775086418224
0.056050775086418224 0.05565015163752464 0.056050775086418224
0.056050775086418224 0.05589820031748711 0.056050775086418224
0.056050775086418224 0.056445372326052796 0.056050775086418224
0.056050775086418224 0.05597402780941737 0.056050775086418224
0.056050775086418224 0.055989891874233956 0.056050775086418224
0.056050775086418224 0.056090994363461794 0.056050775086418224
0.056050775086418224 0.05624857168614606 0.056050775086418224
0.056050775086418224 0.05548436721842194 0.056050775086418224
0.056050775086418224 0.0560345733699818 0.056050775086418224
0.056050775086418224 0.056190903447034854 0.056050775086418224
0.056050775086418224 0.055822831715177816 0.056050775086418224
0.056050775086418224 0.05654375901666199 0.056050775086418224
0.056050775086418224 0.05562202084464606 0.056050775086418224
0.056050775086418224 0.056189972826241934 0.056050775086418224
0.056050775086418224 0.05625485359423297 0.056050775086418224
0.056050775086418224 0.056046032786591614 0.056050775086418224
0.056050775086418224 0.0555994383067645 0.056050775086418224
0.056050775086418224 0.056136045664995866 0.056050775086418224
0.056050775086418224 0.05571467125438084 0.056050775086418224
0.056050775086418224 0.056446635103086 0.056050775086418224
0.056050775086418224 0.055978303100682913 0.056050775086418224
0.056050775086418224 0.0564929272338416 0.056050775086418224
0.056050775086418224 0.055789134026350135 0.056050775086418224
0.056050775086418224 0.056427892518513136 0.056050775086418224
0.056050775086418224 0.056004633353766056 0.056050775086418224
0.056050775086418224 0.056153266449345055 0.056050775086418224
0.056050775086418224 0.0558535533610669 0.056050775086418224
0.056050775086418224 0.05611877361070639 0.056050775086418224
0.056050775086418224 0.05641671103579627 0.056050775086418224
0.056050775086418224 0.055417207302707355 0.056050775086418224
0.056050775086418224 0.05674202886380668 0.056050775086418224
0.056050775086418224 0.05604911580588013 0.056050775086418224
0.056050775086418224 0.055691635925311934 0.056050775086418224
0.056050775086418224 0.05636693004789188 0.056050775086418224
0.056050775086418224 0.055807806699718375 0.056050775086418224
0.056050775086418224 0.056428026233788085 0.056050775086418224
0.056050775086418224 0.05568313645911109 0.056050775086418224
0.056050775086418224 0.05613928377536617 0.056050775086418224
0.056050775086418224 0.05565213994369906 0.056050775086418224
0.056050775086418224 0.05585889730559837 0.056050775086418224
0.056050775086418224 0.05567101777285689 0.056050775086418224
0.056050775086418224 0.05644279761060084 0.056050775086418224
0.056050775086418224 0.05599541822070528 0.056050775086418224
0.056050775086418224 0.05681477372233039 0.056050775086418224
0.056050775086418224 0.05555614119231823 0.056050775086418224
0.056050775086418224 0.05577293556468772 0.056050775086418224
0.056050775086418224 0.05633612636718668 0.056050775086418224
0.056050775086418224 0.05608822988797102 0.056050775086418224
0.056050775086418224 0.05573586209271582 0.056050775086418224
0.056050775086418224 0.056291815715650256 0.056050775086418224
0.056050775086418224 0.05597134859692971 0.056050775086418224
0.056050775086418224 0.05616685355201005 0.056050775086418224
0.056050775086418224 0.055792220429443005 0.056050775086418224
0.056050775086418224 0.05613582217741028 0.056050775086418224
0.056050775086418224 0.05618798924425026 0.056050775086418224
0.056050775086418224 0.056260465079604 0.056050775086418224
0.056050775086418224 0.056340100203019605 0.056050775086418224
0.056050775086418224 0.05578956258122761 0.056050775086418224
0.056050775086418224 0.055744988729765035 0.056050775086418224
0.056050775086418224 0.05582860970055462 0.056050775086418224
0.056050775086418224 0.05586653058689217 0.056050775086418224
0.056050775086418224 0.05609828768415723 0.056050775086418224
0.056050775086418224 0.055819511027371024 0.056050775086418224
0.056050775086418224 0.056217882992505276 0.056050775086418224
0.056050775086418224 0.05594116995667975 0.056050775086418224
0.056050775086418224 0.05616135006666643 0.056050775086418224
0.056050775086418224 0.05617256141025951 0.056050775086418224
0.056050775086418224 0.056841082538569974 0.056050775086418224
0.056050775086418224 0.056477928901770696 0.056050775086418224
0.056050775086418224 0.056544802802613404 0.056050775086418224
0.056050775086418224 0.05623622765407018 0.056050775086418224
0.056050775086418224 0.056302964754674244 0.056050775086418224
0.056050775086418224 0.05572058837138615 0.056050775086418224
0.056050775086418224 0.056255219538424946 0.056050775086418224
0.056050775086418224 0.05553815902051479 0.056050775086418224
0.056050775086418224 0.05584111065387573 0.056050775086418224
0.056050775086418224 0.056031474029889304 0.056050775086418224
0.056050775086418224 0.05616655612287755 0.056050775086418224
0.056050775086418224 0.05633814754321439 0.056050775086418224
0.056050775086418224 0.05652656229124022 0.056050775086418224
0.056050775086418224 0.05631047152860535 0.056050775086418224
0.056050775086418224 0.05605875568610491 0.056050775086418224
0.056050775086418224 0.05552059018657998 0.056050775086418224
0.056050775086418224 0.0559853816847723 0.056050775086418224
0.056050775086418224 0.05585431475496571 0.056050775086418224
0.056050775086418224 0.055945558234084765 0.056050775086418224
0.056050775086418224 0.0572298798171442 0.056050775086418224
0.056050775086418224 0.0567580984858633 0.056050775086418224
0.056050775086418224 0.05571165070284321 0.056050775086418224
0.056050775086418224 0.05631598197384326 0.056050775086418224
0.056050775086418224 0.056451350426808364 0.056050775086418224
0.056050775086418224 0.05575186635671816 0.056050775086418224
0.056050775086418224 0.05602936911313897 0.056050775086418224
0.056050775086418224 0.05578447679935812 0.056050775086418224
0.056050775086418224 0.05582748084756257 0.056050775086418224
0.056050775086418224 0.056727357225977555 0.056050775086418224
0.056050775086418224 0.055633609028851984 0.056050775086418224
0.056050775086418224 0.05570862417344413 0.056050775086418224
0.056050775086418224 0.056035622127356896 0.056050775086418224
0.056050775086418224 0.055467557434934395 0.056050775086418224
0.056050775086418224 0.05578584120673836 0.056050775086418224
0.056050775086418224 0.05666961630270208 0.056050775086418224
0.056050775086418224 0.05562506932939013 0.056050775086418224
0.056050775086418224 0.056342104784980224 0.056050775086418224
0.056050775086418224 0.05567502053001038 0.056050775086418224
0.056050775086418224 0.056097653140232094 0.056050775086418224
0.056050775086418224 0.05611200381419191 0.056050775086418224
0.056050775086418224 0.05620900572169366 0.056050775086418224
0.056050775086418224 0.05598623024271384 0.056050775086418224
0.056050775086418224 0.05634286219323257 0.056050775086418224
0.056050775086418224 0.05661050794872682 0.056050775086418224
0.056050775086418224 0.05596228749978334 0.056050775086418224
0.056050775086418224 0.05647991292098801 0.056050775086418224
0.056050775086418224 0.05643396847145858 0.056050775086418224
0.056050775086418224 0.05631731692787428 0.056050775086418224
0.056050775086418224 0.056163055792137664 0.056050775086418224
0.056050775086418224 0.05608127160080271 0.056050775086418224
0.056050775086418224 0.05657041521059598 0.056050775086418224
0.056050775086418224 0.05636023067344045 0.056050775086418224
0.056050775086418224 0.055685578678826717 0.056050775086418224
0.056050775086418224 0.05602887184950063 0.056050775086418224
0.056050775086418224 0.05641626768284118 0.056050775086418224
0.056050775086418224 0.0557303991710475 0.056050775086418224
0.056050775086418224 0.056022987612528996 0.056050775086418224
0.056050775086418224 0.05582866272841815 0.056050775086418224
0.056050775086418224 0.056487818903728594 0.056050775086418224
0.056050775086418224 0.05591500037189037 0.056050775086418224
0.056050775086418224 0.05614601037073349 0.056050775086418224
0.056050775086418224 0.056575371897215024 0.056050775086418224
0.056050775086418224 0.05634883472064795 0.056050775086418224
0.056050775086418224 0.055836198382070476 0.056050775086418224
0.056050775086418224 0.056645219940359606 0.056050775086418224
0.056050775086418224 0.05578963920920562 0.056050775086418224
0.056050775086418224 0.05615290322992151 0.056050775086418224
0.056050775086418224 0.05617827514400581 0.056050775086418224
0.056050775086418224 0.05638637366041712 0.056050775086418224
0.056050775086418224 0.056307486913931955 0.056050775086418224
0.056050775086418224 0.05623898824720421 0.056050775086418224
0.056050775086418224 0.05609338476895448 0.056050775086418224
0.056050775086418224 0.056280275785571404 0.056050775086418224
0.056050775086418224 0.05625876442422262 0.056050775086418224
0.056050775086418224 0.05586606838876233 0.056050775086418224
0.056050775086418224 0.05550551524947291 0.056050775086418224
0.056050775086418224 0.05625324121481905 0.056050775086418224
0.056050775086418224 0.055911418174255295 0.056050775086418224
0.056050775086418224 0.05598827028951519 0.056050775086418224
0.056050775086418224 0.056113898626642046 0.056050775086418224
0.056050775086418224 0.05577427305611165 0.056050775086418224
0.056050775086418224 0.05583158280851461 0.056050775086418224
0.056050775086418224 0.05583661849203774 0.056050775086418224
0.056050775086418224 0.05611305744173537 0.056050775086418224
0.056050775086418224 0.05578125408822272 0.056050775086418224
0.056050775086418224 0.0563140904460353 0.056050775086418224
0.056050775086418224 0.056347328745617785 0.056050775086418224
0.056050775086418224 0.05606663743045659 0.056050775086418224
0.056050775086418224 0.056709515680505584 0.056050775086418224
0.056050775086418224 0.056921299638783236 0.056050775086418224
0.056050775086418224 0.05566892685982221 0.056050775086418224
0.056050775086418224 0.05645951720982781 0.056050775086418224
0.056050775086418224 0.05647498972577616 0.056050775086418224
0.056050775086418224 0.056416524130551635 0.056050775086418224
0.056050775086418224 0.05626356594376364 0.056050775086418224
0.056050775086418224 0.055831056472398645 0.056050775086418224
0.056050775086418224 0.05616216864459613 0.056050775086418224
0.056050775086418224 0.05551562799228392 0.056050775086418224
0.056050775086418224 0.05594864312626638 0.056050775086418224
0.056050775086418224 0.056432325818455684 0.056050775086418224
0.056050775086418224 0.055835596548792533 0.056050775086418224
0.056050775086418224 0.056175213455019996 0.056050775086418224
0.056050775086418224 0.056359069186950786 0.056050775086418224
0.056050775086418224 0.0565861152155371 0.056050775086418224
0.056050775086418224 0.05673075252614134 0.056050775086418224
0.056050775086418224 0.0563232605894766 0.056050775086418224
0.056050775086418224 0.05642381639156175 0.056050775086418224
0.056050775086418224 0.05600451583477663 0.056050775086418224
0.056050775086418224 0.05615513422786704 0.056050775086418224
0.056050775086418224 0.05678345310641375 0.056050775086418224
0.056050775086418224 0.05565945064937186 0.056050775086418224
0.056050775086418224 0.055573380471222934 0.056050775086418224
0.056050775086418224 0.056137820201076626 0.056050775086418224
0.056050775086418224 0.056176129713512574 0.056050775086418224
0.056050775086418224 0.056025314217624335 0.056050775086418224
0.056050775086418224 0.05615501999853672 0.056050775086418224
0.056050775086418224 0.056215591023216153 0.056050775086418224
0.056050775086418224 0.056201597333861084 0.056050775086418224
0.056050775086418224 0.05574572021116877 0.056050775086418224
0.056050775086418224 0.055877903363420724 0.056050775086418224
0.056050775086418224 0.05561814541589587 0.056050775086418224
0.056050775086418224 0.055980104387748864 0.056050775086418224
0.056050775086418224 0.055272834676744494 0.056050775086418224
0.056050775086418224 0.05664579877952653 0.056050775086418224
0.056050775086418224 0.05571809311698183 0.056050775086418224
0.056050775086418224 0.05635957809180651 0.056050775086418224
0.056050775086418224 0.056117583199987386 0.056050775086418224
0.056050775086418224 0.056135954179242546 0.056050775086418224
0.056050775086418224 0.05624930241527679 0.056050775086418224
0.056050775086418224 0.05644655162683409 0.056050775086418224
0.056050775086418224 0.05567628163292568 0.056050775086418224
0.056050775086418224 0.056501424227083825 0.056050775086418224
0.056050775086418224 0.05573194364745233 0.056050775086418224
0.056050775086418224 0.055817857080000095 0.056050775086418224
0.056050775086418224 0.056128357845253225 0.056050775086418224
0.056050775086418224 0.056306812029684676 0.056050775086418224
0.056050775086418224 0.05589426518033479 0.056050775086418224
0.056050775086418224 0.055896579875507856 0.056050775086418224
0.056050775086418224 0.05613332752824621 0.056050775086418224
0.056050775086418224 0.05595200714877744 0.056050775086418224
0.056050775086418224 0.056009538250964226 0.056050775086418224
0.056050775086418224 0.05640952139671162 0.056050775086418224
0.056050775086418224 0.05548252650115691 0.056050775086418224
0.056050775086418224 0.05674500302366494 0.056050775086418224
0.056050775086418224 0.05601200412032779 0.056050775086418224
0.056050775086418224 0.05594101433969643 0.056050775086418224
0.056050775086418224 0.05564615443885019 0.056050775086418224
0.056050775086418224 0.056107738326926615 0.056050775086418224
0.056050775086418224 0.05625430322678371 0.056050775086418224
0.056050775086418224 0.055770651093733435 0.056050775086418224
0.056050775086418224 0.05589330304791378 0.056050775086418224
0.056050775086418224 0.05580856377228023 0.056050775086418224
0.056050775086418224 0.05556764715560735 0.056050775086418224
0.056050775086418224 0.05640446164656621 0.056050775086418224
0.056050775086418224 0.057544753572627894 0.056050775086418224
0.056050775086418224 0.056657622048555734 0.056050775086418224
0.056050775086418224 0.05607186306754801 0.056050775086418224
0.056050775086418224 0.056048982953738204 0.056050775086418224
0.056050775086418224 0.05668737128571854 0.056050775086418224
0.056050775086418224 0.056538413432870444 0.056050775086418224
0.056050775086418224 0.056008981423813366 0.056050775086418224
0.056050775086418224 0.05626674964625888 0.056050775086418224
0.056050775086418224 0.05541001057043259 0.056050775086418224
0.056050775086418224 0.05602921496892511 0.056050775086418224
0.056050775086418224 0.055860156015966805 0.056050775086418224
0.056050775086418224 0.05565498663240428 0.056050775086418224
0.056050775086418224 0.055557613478629475 0.056050775086418224
0.056050775086418224 0.05639258645166589 0.056050775086418224
0.056050775086418224 0.05631261939603502 0.056050775086418224
0.056050775086418224 0.05594159444130364 0.056050775086418224
0.056050775086418224 0.055760320860508264 0.056050775086418224
0.056050775086418224 0.05657027461877674 0.056050775086418224
0.056050775086418224 0.05594359248599106 0.056050775086418224
0.056050775086418224 0.056136142368740316 0.056050775086418224
0.056050775086418224 0.055964595216286814 0.056050775086418224
0.056050775086418224 0.055659976856299635 0.056050775086418224
0.056050775086418224 0.056535493650400885 0.056050775086418224
0.056050775086418224 0.0560496439491934 0.056050775086418224
0.056050775086418224 0.05634707461269599 0.056050775086418224
0.056050775086418224 0.055892115863802445 0.056050775086418224
0.056050775086418224 0.05588596856697424 0.056050775086418224
0.056050775086418224 0.05676621723251847 0.056050775086418224
0.056050775086418224 0.05617332267539818 0.056050775086418224
0.056050775086418224 0.05620801975870431 0.056050775086418224
0.056050775086418224 0.0562294436489782 0.056050775086418224
0.056050775086418224 0.055975979339533195 0.056050775086418224
0.056050775086418224 0.05611214490971233 0.056050775086418224
0.056050775086418224 0.05526709296914287 0.056050775086418224
0.056050775086418224 0.055974542669357065 0.056050775086418224
0.056050775086418224 0.05602683847849744 0.056050775086418224
0.056050775086418224 0.05635850716340839 0.056050775086418224
0.056050775086418224 0.055749066763573385 0.056050775086418224
0.056050775086418224 0.055823954620352785 0.056050775086418224
0.056050775086418224 0.05670414972810924 0.056050775086418224
0.056050775086418224 0.056455153378178545 0.056050775086418224
0.056050775086418224 0.05530538391322444 0.056050775086418224
0.056050775086418224 0.056293831088662705 0.056050775086418224
0.056050775086418224 0.05609484634682209 0.056050775086418224
0.056050775086418224 0.05623156270893565 0.056050775086418224
0.056050775086418224 0.05677973899357239 0.056050775086418224
0.056050775086418224 0.05619771241063167 0.056050775086418224
0.056050775086418224 0.056044669400638104 0.056050775086418224
0.056050775086418224 0.05635183764752538 0.056050775086418224
0.056050775086418224 0.05626937056424383 0.056050775086418224
0.056050775086418224 0.05589754420372572 0.056050775086418224
0.056050775086418224 0.0557366414733438 0.056050775086418224
0.056050775086418224 0.05623336447794117 0.056050775086418224
0.056050775086418224 0.05636368424021581 0.056050775086418224
0.056050775086418224 0.05641368234013273 0.056050775086418224
0.056050775086418224 0.05651660621650033 0.056050775086418224
0.056050775086418224 0.05556139968393653 0.056050775086418224
0.056050775086418224 0.056530763957448764 0.056050775086418224
0.056050775086418224 0.055522526798617564 0.056050775086418224
0.056050775086418224 0.056070233665081876 0.056050775086418224
0.056050775086418224 0.056025019751688776 0.056050775086418224
0.056050775086418224 0.05593734600040776 0.056050775086418224
0.056050775086418224 0.05586668851974672 0.056050775086418224
0.056050775086418224 0.0559966818312243 0.056050775086418224
0.056050775086418224 0.05622056191681442 0.056050775086418224
0.056050775086418224 0.055951320283649686 0.056050775086418224
0.056050775086418224 0.05594386361599335 0.056050775086418224
0.056050775086418224 0.05585126040105751 0.056050775086418224
0.056050775086418224 0.05565116312303164 0.056050775086418224
0.056050775086418224 0.05627668736287066 0.056050775086418224
0.056050775086418224 0.055705386291725265 0.056050775086418224
0.056050775086418224 0.056059832683230996 0.056050775086418224
0.056050775086418224 0.0564731294604741 0.056050775086418224
0.056050775086418224 0.05612872711026715 0.056050775086418224
0.056050775086418224 0.05571208821383272 0.056050775086418224
0.056050775086418224 0.055971227267421736 0.056050775086418224
0.056050775086418224 0.05662858904266045 0.056050775086418224
0.056050775086418224 0.05591008079829253 0.056050775086418224
0.056050775086418224 0.055575209216640054 0.056050775086418224
0.056050775086418224 0.056230828447250365 0.056050775086418224
0.056050775086418224 0.05600030665222197 0.056050775086418224
0.056050775086418224 0.055941397067390417 0.056050775086418224
0.056050775086418224 0.05669017520472417 0.056050775086418224
0.056050775086418224 0.05591261382956583 0.056050775086418224
0.056050775086418224 0.05642334661822628 0.056050775086418224
0.056050775086418224 0.05587932496529068 0.056050775086418224
0.056050775086418224 0.05608488426961413 0.056050775086418224
0.056050775086418224 0.05578527290841299 0.056050775086418224
0.056050775086418224 0.056490728207221244 0.056050775086418224
0.056050775086418224 0.055622627154267947 0.056050775086418224
0.056050775086418224 0.05686514585171898 0.056050775086418224
0.056050775086418224 0.056710115720055215 0.056050775086418224
0.056050775086418224 0.05604531632179981 0.056050775086418224
0.056050775086418224 0.05542793764768276 0.056050775086418224
0.056050775086418224 0.05662844770549786 0.056050775086418224
0.056050775086418224 0.05572258849057374 0.056050775086418224
0.056050775086418224 0.05608002907319315 0.056050775086418224
0.056050775086418224 0.05620910571206671 0.056050775086418224
0.056050775086418224 0.056364454131224734 0.056050775086418224
0.056050775086418224 0.05574506523377918 0.056050775086418224
0.056050775086418224 0.05666966932182021 0.056050775086418224
0.056050775086418224 0.0559298928174337 0.056050775086418224
0.056050775086418224 0.05634065365783217 0.056050775086418224
0.056050775086418224 0.0554855079860087 0.056050775086418224
0.056050775086418224 0.055861697747028226 0.056050775086418224
0.056050775086418224 0.05568220048286671 0.056050775086418224
0.056050775086418224 0.05568388266155629 0.056050775086418224
0.056050775086418224 0.056874410872096305 0.056050775086418224
0.056050775086418224 0.05604488828636067 0.056050775086418224
0.056050775086418224 0.05614287813125104 0.056050775086418224
0.056050775086418224 0.055948953717509624 0.056050775086418224
0.056050775086418224 0.055773616650874595 0.056050775086418224
0.056050775086418224 0.05616751210424158 0.056050775086418224
0.056050775086418224 0.055878849268896816 0.056050775086418224
0.056050775086418224 0.05615322640930766 0.056050775086418224
0.056050775086418224 0.055602334670963066 0.056050775086418224
0.056050775086418224 0.05615973962171297 0.056050775086418224
0.056050775086418224 0.055895289915529674 0.056050775086418224
0.056050775086418224 0.056586054849419816 0.056050775086418224
0.056050775086418224 0.05572835838519544 0.056050775086418224
0.056050775086418224 0.055707647142077654 0.056050775086418224
0.056050775086418224 0.056170771438458895 0.056050775086418224
0.056050775086418224 0.05571151382340798 0.056050775086418224
0.056050775086418224 0.055360442152636136 0.056050775086418224
0.056050775086418224 0.05591106666486679 0.056050775086418224
0.056050775086418224 0.056479946484011945 0.056050775086418224
0.056050775086418224 0.05620386796337167 0.056050775086418224
0.056050775086418224 0.056075037657131226 0.056050775086418224
0.056050775086418224 0.05591982728897885 0.056050775086418224
0.056050775086418224 0.05665637525407507 0.056050775086418224
0.056050775086418224 0.05558148400816169 0.056050775086418224
0.056050775086418224 0.05588041069401171 0.056050775086418224
0.056050775086418224 0.055505109411560755 0.056050775086418224
0.056050775086418224 0.056449808176151854 0.056050775086418224
0.056050775086418224 0.05572864574316807 0.056050775086418224
0.056050775086418224 0.05736579854640139 0.056050775086418224
0.056050775086418224 0.05594437325090205 0.056050775086418224
0.056050775086418224 0.05573332839519111 0.056050775086418224
0.056050775086418224 0.056187888238586406 0.056050775086418224
0.056050775086418224 0.05607935255391896 0.056050775086418224
0.056050775086418224 0.05560009788902493 0.056050775086418224
0.056050775086418224 0.05604840446245214 0.056050775086418224
0.056050775086418224 0.05595509234622151 0.056050775086418224
0.056050775086418224 0.056811495433856406 0.056050775086418224
0.056050775086418224 0.05562500714258965 0.056050775086418224
0.056050775086418224 0.05599961827235607 0.056050775086418224
0.056050775086418224 0.055693428033625515 0.056050775086418224
0.056050775086418224 0.05536968242078354 0.056050775086418224
0.056050775086418224 0.056202930125840184 0.056050775086418224
0.056050775086418224 0.05589817333412136 0.056050775086418224
0.056050775086418224 0.05576734513490713 0.056050775086418224
0.056050775086418224 0.05600950421543887 0.056050775086418224
0.056050775086418224 0.05628873080287279 0.056050775086418224
0.056050775086418224 0.05578611721851221 0.056050775086418224
0.056050775086418224 0.05571680066526434 0.056050775086418224
0.056050775086418224 0.05569791310026649 0.056050775086418224
0.056050775086418224 0.05565211765533056 0.056050775086418224
1.0559902064221034 1.0560402983844053 1.0559902064221034
1.0556122529086418 1.0569526357938406 1.0556122529086418
1.0556122529086418 nan nan
1.0556122529086418 nan nan
1.0556122529086418 nan nan
1.0556122529086418 nan nan
1.0556122529086418 nan nan
1.0556122529086418 nan nan
1.0556122529086418 nan nan
1.0556122529086418 nan nan
1.0556122529086418 nan nan
1.0556122529086418 nan nan
1.0556122529086418 nan nan
1.0556122529086418 nan nan
1.0556122529086418 nan nan
1.0556122529086418 nan nan
1.0556122529086418 nan nan
1.0556122529086418 nan nan
1.0556122529086418 nan nan
1.0556122529086418 nan nan
1.0556122529086418 nan nan
1.0556122529086418 nan nan
1.0556122529086418 nan nan
1.0556122529086418 nan nan
1.0556122529086418 nan nan
1.0556122529086418 nan nan
1.0556122529086418 nan nan
1.0556122529086418 nan nan
1.0556122529086418 nan nan
1.0556122529086418 nan nan
1.0556122529086418 nan nan
1.0556122529086418 nan nan
1.0556122529086418 nan nan
1.0556122529086418 nan nan
1.0556122529086418 nan nan
1.0556122529086418 nan nan
1.0560657677136434 1.0558150028638997 1.0560657677136434
1.0560657677136434 1.056937303430703 1.0560711645703116
1.0560657677136434 1.056480972794351 1.0560663545291593
1.0560507750908572 1.0560917934206975 1.0560507750908572
1.0560507750908572 1.0564451350005293 1.056050775090857
1.0560507750908572 1.0558371815504886 1.056050775090857
1.0560507750908572 1.0562115528694846 1.056050775090857
1.0560507750908572 1.0553804460125595 1.056050775090857
1.0560507750908572 1.0560866457277007 1.056050775090857
1.0560507750908572 1.0561972741669285 1.056050775090857
1.0560507750908572 1.055852528680424 1.056050775090857
1.0560507750908572 1.0562988381151575 1.056050775090857
1.0560507750908572 1.055416561068227 1.056050775090857
1.0560507750908572 1.055640777764819 1.056050775090857
1.0560507750908572 1.056457000942459 1.056050775090857
1.0560507750908572 1.056133573800024 1.056050775090857
1.0560507750908572 1.0557361450409986 1.056050775090857
1.0560507750908572 1.0564158490013886 1.056050775090857
1.0560507750908572 1.0557132801993052 1.056050775090857
1.0560507750908572 1.0561492986583363 1.056050775090857
1.0560507750908572 1.0558373491273 1.056050775090857
1.0560507750908572 1.0558464638509015 1.056050775090857
1.0560507750908572 1.056038332638591 1.056050775090857
1.0560507750908572 1.0558718210338254 1.056050775090857
1.0560507750908572 1.057341291880075 1.056050775090857
1.0560507750908572 1.0562257982413565 1.056050775090857
1.0560507750908572 1.055935134188105 1.056050775090857
1.0560507750908572 1.0562590893899917 1.056050775090857
1.0560507750908572 1.0554759329040582 1.056050775090857
1.0560507750908572 1.0559595542172875 1.056050775090857
1.0560507750908572 1.0560409450736539 1.056050775090857
1.0560507750908572 1.0559336675816025 1.056050775090857
1.0560507750908572 1.0567383920915085 1.056050775090857
1.0560507750908572 1.055829706227629 1.056050775090857
1.0560507750908572 1.056413431492197 1.056050775090857
1.0560508330410185 1.0557771774839215 1.0560508330410185
1.0560947701117336 1.0562152128233746 1.0560947701117336
1.0559390296095355 1.0566090368707046 1.0559390296095355
1.0552998198481516 1.0550967306909116 1.0552998198481516
1.0552998198481516 1.055392153948752 1.0553718953270639
1.0552998198481516 1.0551777788041614 1.0553924912463082
1.0552998198481516 1.0555830078482318 1.055385838727572
1.0552998198481516 1.0552223912281924 1.0553813467973723
1.0552998198481516 1.0559242276158791 1.0553781881886226
1.0552998198481516 1.0558517797534452 1.0553782863340873
1.0552998198481516 1.0553794257018996 1.055374653441973
1.0552998198481516 1.0552466519939634 1.0553759315712894
1.0552998198481516 1.055804443422061 1.0553753144076434
1.0552998198481516 1.0550477900956634 1.0553770818277093
1.0552998198481516 1.0550980092699676 1.055375890530923
1.0552998198481516 1.055638034303779 1.0553759766021071
1.0552998198481516 1.055237684041899 1.0553756697942518
1.0552998198481516 1.0554996775034968 1.0553752368345757
1.0552998198481516 1.0550568867327186 1.0553746318517387
1.0552998198481516 1.0551602233169461 1.055375857134002
1.0552998198481516 1.0555006242399803 1.0553744447834192
1.0552998198481516 1.054840845522689 1.0553752258855167
1.0552998198481516 1.0550594893357657 1.0553757395199654
1.0552998198481516 1.054776791555686 1.0553740110738647
1.056026193465749 1.05615720788552 1.056026193465749
1.055907366529736 1.0567755205488245 1.055907366529736
1.05570126100227 1.0561915144958796 1.05570126100227
1.0556131068399637 1.0556994878686785 1.0556131068399637
1.0555834108107218 1.0559070820417744 1.0555834108107218
1.0555669118268713 1.0557353164126835 1.0555669118268713
1.0555669118268713 1.055594490310252 1.0555606871186312
1.0555669118268713 1.0562497626503071 1.055562530575361
1.0555669118268713 1.0555836952186965 1.05556048194505
1.0555669118268713 1.0556303913610277 1.0555598825656056
1.0555669118268713 1.0556645273866057 1.0555588078301434
1.0555669118268713 1.055657586066722 1.055559248201183
1.0555669118268713 1.0551956290089677 1.0555592635769186
1.0555669118268713 1.054979084559277 1.0555580195181529
1.0555669118268713 1.0558282477092849 1.0555585653754436
1.0555669118268713 1.0553573723030287 1.0555581883997558
1.0555669118268713 1.0561870456293738 1.0555586433799697
1.0555669118268713 1.055706955338444 1.0555584348682057
1.0555669118268713 1.056002253355628 1.055559094992036
1.0555669118268713 1.0553523369101538 1.055558310548319
1.0555669118268713 1.055149620633801 1.0555599159675297
1.0555669118268713 1.0553134759282945 1.0555585728340626
1.0555669118268713 1.0554561785270986 1.0555583562211237
1.0555669118268713 1.0557378599229994 1.0555581468120427
1.0555669118268713 1.055159245145889 1.0555584785799252
1.0555669118268713 1.0556686001643825 1.055557716366229
1.0555669118268713 1.0556196282122685 1.0555591129873412
1.0555669118268713 1.055409631549695 1.0555578641840373
1.0555669118268713 1.0557451738673425 1.0555590714508098
1.0555669118268713 1.0560878475686117 1.0555583939995512
1.0555669118268713 1.0560186239043439 1.0555578660372735
1.0555669118268713 1.0561418916712608 1.05555827432374
1.0555669118268713 1.0555718196691586 1.05555838767303
1.0555669118268713 1.0554055742533235 1.055557766502074
1.0555669118268713 1.055167427086856 1.0555586642854446
1.0555669118268713 1.056128823146374 1.0555587566732445
1.0555669118268713 1.0558551802135911 1.055558591154796
1.0555669118268713 1.0565736791366565 1.0555588150115014
1.0555669118268713 1.055683959646929 1.0555584041314772
1.0555669118268713 1.0555240272823656 1.055558234687201
1.0555669118268713 1.0553904444857334 1.0555582280978622
1.0555669118268713 1.0558473456632484 1.0555586445192435
1.0555669118268713 1.0558328029323973 1.055558479556314
1.0555669118268713 1.0563516078149386 1.055558616025754
1.0555669118268713 1.0554808138750185 1.0555588000050602
1.0555669118268713 1.055488478902393 1.0555583125127406
1.0555669118268713 1.0554430396919374 1.0555588924101045
1.0555669118268713 1.0558462938313573 1.0555589182089462
1.0555669118268713 1.0555944022118675 1.0555585493028712
1.0555669118268713 1.0550328841251058 1.0555584932461084
1.0555669118268713 1.0553667574892958 1.0555585749205956
1.0555669118268713 1.0556877228119375 1.0555592367170494
1.0555669118268713 1.0553414339824734 1.055558202702533
1.0555669118268713 1.055981093253088 1.055558333538616
1.0555669118268713 1.0558358215016383 1.0555582839160285
1.0555669118268713 1.0552624668520842 1.0555584122514683
1.0555669118268713 1.055567731562207 1.0555589440461723
1.0555669118268713 1.0568840495252678 1.055559118453556
1.0555669118268713 1.0559435329391194 1.0555587565420774
1.0555669118268713 1.0560739917331492 1.0555582549204832
1.0555669118268713 1.055275001418876 1.0555585668338148
1.0555669118268713 1.0559784248993298 1.055558206078812
1.0555669118268713 1.055620526295865 1.0555585494426365
1.0555669118268713 1.055403401767597 1.0555582466590996
1.0555669118268713 1.0561715169517152 1.0555582794008438
1.0555669118268713 1.0552133776669121 1.0555590806267063
1.0555669118268713 1.055870418515255 1.0555581540131211
1.0555669118268713 1.0559869116911222 1.055558089662258
1.0555669118268713 1.0549720621424405 1.0555583968582498
1.0555669118268713 1.055848046166346 1.0555582987785328
1.0555669118268713 1.055924176684976 1.0555582211844863
1.0555669118268713 1.0551007938042916 1.0555580816219505
1.0555669118268713 1.0560910550113174 1.0555579102346837
1.0555669118268713 1.0553230658529966 1.0555583747929265
1.0555669118268713 1.0560015215269092 1.055558170101054
1.0555669118268713 1.0559354308056201 1.05555853465174
1.0555669118268713 1.0556117310668314 1.0555585082009575
1.0555669118268713 1.0556355669130004 1.055557996397935
1.0555669118268713 1.0560102206225337 1.0555586708968705
1.0555669118268713 1.0562422320259115 1.0555587356028842
1.0555669118268713 1.055299418302444 1.055558583959172
1.0555669118268713 1.0558625261926193 1.0555589453576073
1.0555669118268713 1.0556442828002852 1.0555581492097321
1.0555669118268713 1.055833775985525 1.0555587236773059
1.0555669118268713 1.0560498247159467 1.0555584894106893
1.0555669118268713 1.0557747573279914 1.0555583216911182
1.0555669118268713 1.0562665262489663 1.0555586605342326
1.0555669118268713 1.056485113468471 1.0555584672833176
1.0555669118268713 1.0555483676947597 1.0555583985962165
1.0555669118268713 1.055141828810481 1.0555586065438798
1.0555669118268713 1.0548138993254672 1.0555587273801212
1.0555669118268713 1.0557071284393607 1.055558150102735
1.0555669118268713 1.055793540268966 1.0555588307618937
1.0555669118268713 1.0564153492812236 1.0555587978550731
1.0555669118268713 1.0552785573108157 1.0555581412319064
1.0555669118268713 1.0551592653949706 1.055558142425741
1.0555669118268713 1.0558419000241352 1.0555589184926761
1.0555669118268713 1.0555697461473597 1.055558611117572
1.0555669118268713 1.0560789541523032 1.0555582224889608
1.0555669118268713 1.056059055076697 1.0555583811510016
1.0555669118268713 1.0561537119228581 1.055558303184906
1.0555669118268713 1.0548702142579172 1.0555593849942557
1.0555669118268713 1.0555986455238464 1.0555578263039131
1.056026564743989 1.055982737915559 1.056026564743989
1.0559748880956341 1.056443050671469 1.0559748880956341
1.0555755121943822 1.0553853995315226 1.0555755121943822
1.0555755121943822 1.0559456122646846 1.055565284290013
1.0555569609167872 1.0555944621123496 1.0555569609167872
1.0555569609167872 1.055237590671826 1.0555575207418482
1.0555569609167872 1.0557532076309222 1.0555588368072522
1.0555569609167872 1.0555753031257467 1.0555573298627483
1.0555569609167872 1.055804942537635 1.0555577142682473
1.0555569609167872 1.0555132739684006 1.0555581566600165
1.0555569609167872 1.055660325696206 1.0555589199538329
1.0555569609167872 1.05560246439412 1.0555578574503304
1.0555569609167872 1.0553377032859332 1.0555579318341184
1.0555569609167872 1.0553922963478422 1.0555586485582307
1.0555569609167872 1.0557678240264747 1.0555581185851077
1.0555569609167872 1.0551575733281338 1.0555572881273754
1.0555569609167872 1.0553674798676305 1.0555581129954
1.0555569609167872 1.0558452258900568 1.0555576842824743
1.0555569609167872 1.0556552874178782 1.0555578518575497
1.0555569609167872 1.055649122621605 1.0555573440225356
1.0555569609167872 1.0551036258671473 1.0555578247517496
1.0555569609167872 1.0560015292964946 1.0555576460123572
1.0555569609167872 1.0557481541689702 1.0555577762516462
1.0555569609167872 1.0556510468108322 1.0555577427749443
1.0555569609167872 1.055811579292828 1.0555575709607508
1.0555569609167872 1.0552871737467164 1.0555575053487218
1.0555569609167872 1.0558595433974078 1.0555576360860155
1.0560395741897415 1.056323668807819 1.0560395741897415
1.0559984687550774 1.0562070231556095 1.0559984687550774
1.055545283143687 1.0556976173638055 1.055545283143687
1.055061097040645 1.0552370931409163 1.055061097040645
1.0547560041496802 1.0543147327358808 1.0547560041496802
1.0547560041496802 1.0548294787737535 1.0547516037661369
1.0547560041496802 1.0547885073637442 1.0547469279248667
1.0547560041496802 1.0543493940752093 1.0547485690775964
1.0547560041496802 1.0550739101769488 1.0547462714232234
1.0547560041496802 1.055006639411995 1.0547457321978653
1.0547453321389593 1.0546528754148814 1.0547453321389593
1.0547453321389593 1.0547738229777401 1.054745971143162
1.0547453321389593 1.0549918276351062 1.0547457259907478
1.0547453321389593 1.054771163743972 1.0547451787914341
1.0547453321389593 1.0548344479228868 1.0547458650559
1.0547453321389593 1.0548880346617917 1.0547453156716509
1.0547453321389593 1.054927411276268 1.054745120897733
1.0547453321389593 1.055005746694838 1.054745804674619
1.0547453321389593 1.0543632744778209 1.054745735896484
1.0547453321389593 1.0547038051901336 1.0547452970669164
1.0547453321389593 1.0548392370817496 1.0547454761462418
1.0547453321389593 1.0549363897675113 1.0547452235523191
1.0547453321389593 1.0546480786187928 1.0547453928110713
1.0547453321389593 1.0547765635095039 1.0547456921058624
1.0547453321389593 1.054990378067939 1.0547456381004225
1.0547453321389593 1.0553322511727077 1.0547455863084956
1.0547453321389593 1.0545819002899186 1.0547459561774992
1.0547453321389593 1.05438636200614 1.0547454525386288
1.0547453321389593 1.0549625661961137 1.0547460863405305
1.0547453321389593 1.0546126502485462 1.0547453786885355
1.0547453321389593 1.0545879809767364 1.054745390344785
1.0547453321389593 1.054500715921618 1.0547455842847513
1.0547453321389593 1.055094024766249 1.054745369296849
1.0547453321389593 1.0551048604051785 1.054745657763883
1.0547453321389593 1.054648783017685 1.05474496051251
1.0547453321389593 1.0548817043782495 1.0547449083304357
1.0547453321389593 1.0548276105770718 1.0547451448245415
1.0547453321389593 1.0549637272563865 1.0547447923040458
1.0547453321389593 1.0550471525626846 1.0547454770917917
1.0547453321389593 1.0546360466393243 1.0547446280087593
1.0547453321389593 1.0547391840321698 1.0547456292414383
1.0547453321389593 1.0547316977560626 1.0547454285172533
1.0547453321389593 1.0548981263323347 1.0547451761386144
1.0547453321389593 1.0546814129365145 1.0547453101628619
1.0547453321389593 1.0544904443566603 1.054745328557141
1.0547453321389593 1.0544583690404936 1.0547455299966675
1.0547453321389593 1.0543468854722633 1.054745418748842
1.0547453321389593 1.05468001926696 1.0547453926835637
1.0547453321389593 1.0546446120924544 1.0547454586056513
1.0547453321389593 1.0547227145891962 1.0547453258984247
1.0547453321389593 1.0548960536630199 1.0547452948476868
1.0547453321389593 1.0548145247409442 1.0547455195028572
1.0547453321389593 1.055236082303638 1.054745515653127
1.0547453321389593 1.0544745391210402 1.0547453478402589
1.0547453321389593 1.0555016216495128 1.0547455980626612
1.0547453321389593 1.0549913969995433 1.0547456490579548
1.0547453321389593 1.0544385884847707 1.0547456286639145
1.0547453321389593 1.0545234750613177 1.054745008201188
1.0547453321389593 1.0548624705491498 1.0547451444816978
1.0547453321389593 1.0550685364128487 1.0547453963915772
1.0547453321389593 1.0551151917132058 1.0547456238425283
1.0547453321389593 1.0547172159765075 1.0547452196030709
1.0547453321389593 1.055121247898098 1.05474507783915
1.0547453321389593 1.0546802844296126 1.0547452638770853
1.0547453321389593 1.0550174108424917 1.0547450421760827
1.0547453321389593 1.0545218286273579 1.0547456040592218
1.0547453321389593 1.0547144265917416 1.0547453811350018
1.0547453321389593 1.0545766024972778 1.0547451992066226
1.0547453321389593 1.054608690023262 1.0547451049988879
1.0547453321389593 1.0544900610493657 1.0547453924627805
1.0547453321389593 1.054582786452745 1.0547453678504426
1.0547453321389593 1.0548698409842183 1.054745479078597
1.0547453321389593 1.0548439259083207 1.05474522215102
1.0547453321389593 1.0550767762234625 1.0547456040108343
1.0547453321389593 1.0550215564934267 1.0547449617231477
1.0547453321389593 1.054520711192869 1.054745070494704
1.0547453321389593 1.0551347625877547 1.0547453778136835
1.0547453321389593 1.0548447754958965 1.0547449909811981
1.0547453321389593 1.0547966629036827 1.0547454983071916
1.0547453321389593 1.0546002901756792 1.0547452032835503
1.0547453321389593 1.0547109193081516 1.0547453866147423
1.0547453321389593 1.05458808709648 1.0547451566686048
1.0547453321389593 1.054431749642305 1.05474520106996
1.0547453321389593 1.0542845743601068 1.0547451418278173
1.0547453321389593 1.0545750304915205 1.0547451568430257
1.0547453321389593 1.0551958917702469 1.054745288224279
1.0547453321389593 1.054833423489607 1.0547456567041116
1.0547453321389593 1.054497340825057 1.0547454867506765
1.0547453321389593 1.0547441510058395 1.0547449129349067
1.0547453321389593 1.0548893173905771 1.0547449124505042
1.0547453321389593 1.0547656787316728 1.0547451853309826
1.0547453321389593 1.0550628787039453 1.05474507865927
1.0547453321389593 1.055147464366506 1.0547455376847918
1.0547453321389593 1.0544168841827501 1.0547449340761323
1.0547453321389593 1.0548315617163315 1.0547453547401713
1.0547453321389593 1.0551078761301897 1.0547454904775488
1.0547453321389593 1.0544544311089117 1.0547451322414965
1.0547453321389593 1.0547709472709754 1.0547449972850858
1.0547453321389593 1.0551948312914243 1.0547455686842466
1.0547453321389593 1.0544532235663542 1.0547456617611515
1.0547453321389593 1.0550498775920065 1.0547454054506153
1.0547453321389593 1.0549768762742044 1.0547451341997303
1.0547453321389593 1.0543924270052212 1.0547447180409686
1.0547453321389593 1.0552258229348923 1.0547452406089617
1.0547453321389593 1.0543800553831415 1.0547451400221648
1.0547453321389593 1.054671314773518 1.0547455883518486
1.0547453321389593 1.0548591154614237 1.0547451801445884
1.0547453321389593 1.0553829396134649 1.0547452250846507
1.0547453321389593 1.0546030167874711 1.0547454303056887
1.0547453321389593 1.0545809657875842 1.0547449602858376
1.0547453321389593 1.0547850946144859 1.0547456016988488
1.0547453321389593 1.0547368367602565 1.0547452215706787
1.0547453321389593 1.0548840981102123 1.0547453224327719
1.0547453321389593 1.0547451694596692 1.0547453123324493
1.0561928686709903 1.0564594472516513 1.0561928686709903
1.0560507750867991 1.056191808075049 1.0560507750867991
1.0560507750867991 1.0563313932070313 1.0560507750867991
1.0560507750867991 1.0562057004801548 1.0560507750867991
1.0560507750867991 1.05605576408356 1.0560507750867991
1.0560507750867991 1.0558650769996434 1.0560507750867991
1.0560507750867991 1.055830361721333 1.0560507750867991
1.0560473814649214 1.0563073481147487 1.0560473814649214
1.0561210227572824 1.0562766889777409 1.0561210227572824
1.056050833041081 1.0562706780146331 1.056050833041081
1.0560482159987115 1.056363656229969 1.0560482159987115
1.0560482159987115 1.0565467435464546 1.056046324331559
1.0560090090397976 1.0557933586178347 1.0560090090397976
1.055892806839429 1.055748352976994 1.055892806839429
1.0557011489706127 1.05591038726056 1.0557011489706127
1.055570594480611 1.055537117163743 1.055570594480611
1.0555596126004925 1.055460242714283 1.0555596126004925
1.0555596126004925 1.055477922541982 1.0555596888319254
1.0555596126004925 1.055833147223426 1.055557252358365
1.0555596126004925 1.0553457589438715 1.0555583391495278
0.055951859314098316 0.055802999915156346 0.055951859314098316
0.05585873447476564 0.05641503491872244 0.05585873447476564
0.05556373786040766 0.05552569894693132 0.05556373786040766
0.05556373786040766 0.05568655718567541 0.055571407117792036
0.0555590375388749 0.05528809576175572 0.0555590375388749
0.05555753414854468 0.05586848721313597 0.05555753414854468
0.05555753414854468 0.055951929883403806 0.05555810428679959
0.056050833041061475 0.0559289313676868 0.056050833041061475
0.056050833041061475 0.0567826244851294 0.056050833041061475
0.056050833041061475 0.055903270480514224 0.056050833041061475
0.056050833041061475 0.05622202071076549 0.056050833041061475
0.056050833041061475 0.0559999407345063 0.056050833041061475
0.056050833041061475 0.05589910439785107 0.056050833041061475
0.056050833041061475 0.056093793109458834 0.056050833041061475
0.056050833041061475 0.055433127009227534 0.056050833041061475
0.056050833041061475 0.056183867985161534 0.056050833041061475
0.056050833041061475 0.05595526030802357 0.056050833041061475
0.056050833041061475 0.05630624746825159 0.056050833041061475
0.056050833041061475 0.05592975357398377 0.056050833041061475
0.056050833041061475 0.05594227333945884 0.056050833041061475
0.056050833041061475 0.05584358133534996 0.056050833041061475
0.056050833041061475 0.05683771414077539 0.056050833041061475
0.056050833041061475 0.056329600203830335 0.056050833041061475
0.056050833041061475 0.05603736994963535 0.056050833041061475
0.056050833041061475 0.05553039642571147 0.056050833041061475
0.056050833041061475 0.05632606221059204 0.056050833041061475
0.056050833041061475 0.05569752159751647 0.056050833041061475
0.056050833041061475 0.056181610575235706 0.056050833041061475
0.056050833041061475 0.056222235971970715 0.056050833041061475
0.056050833041061475 0.055952727652961096 0.056050833041061475
0.056050780355423824 0.056071566057214514 0.056050780355423824
0.056050780355423824 0.05670733736136606 0.056050780355423824
0.056050780355423824 0.056279490837177204 0.056050780355423824
0.056050780355423824 0.05645364293072442 0.056050780355423824
0.056050780355423824 0.0570353179488454 0.056050780355423824
0.056050780355423824 0.05607502618434641 0.056050780355423824
0.056050780355423824 0.05631993196904254 0.056050780355423824
0.056050780355423824 0.05628055569753066 0.056050780355423824
0.056050780355423824 0.05579081841812413 0.056050780355423824
0.056050780355423824 0.055695278765529065 0.056050780355423824
0.056050780355423824 0.0560327855369244 0.056050780355423824
0.056050780355423824 0.05602257754317152 0.056050780355423824
0.056050780355423824 0.05551658122215698 0.056050780355423824
0.056050780355423824 0.05604312802657081 0.056050780355423824
0.056050780355423824 0.05614366407538864 0.056050780355423824
0.056050780355423824 0.05613877460788505 0.056050780355423824
0.056050780355423824 0.055903897264622436 0.056050780355423824
0.056050780355423824 0.05625472806896379 0.056050780355423824
0.056050780355423824 0.055913327677613735 0.056050780355423824
0.056050780355423824 0.056054994435460075 0.056050780355423824
0.056050780355423824 0.05611247816705181 0.056050780355423824
0.056050780355423824 0.05536273084745596 0.056050780355423824
0.056050780355423824 0.05581175587076345 0.056050780355423824
0.056050780355423824 0.056657187995060344 0.056050780355423824
0.056050780355423824 0.05674364720295724 0.056050780355423824
0.056050780355423824 0.05570424075028578 0.056050780355423824
0.056050780355423824 0.05566567528477776 0.056050780355423824
0.056050780355423824 0.0564558034347605 0.056050780355423824
0.056050780355423824 0.05616815624850748 0.056050780355423824
0.056050780355423824 0.0566572306295349 0.056050780355423824
0.056050780355423824 0.05588924541540188 0.056050780355423824
0.056050780355423824 0.05617759003831176 0.056050780355423824
0.056050780355423824 0.05638795021118208 0.056050780355423824
0.056050780355423824 0.05612243782187042 0.056050780355423824
0.056050780355423824 0.05542452050806501 0.056050780355423824
0.056050780355423824 0.05619794901235862 0.056050780355423824
0.056050780355423824 0.05606891404762983 0.056050780355423824
0.056050780355423824 0.05590353253992958 0.056050780355423824
0.056050780355423824 0.05607908909992549 0.056050780355423824
0.056050780355423824 0.056205564272503755 0.056050780355423824
0.056050780355423824 0.05567116340150652 0.056050780355423824
0.056050780355423824 0.05597971726253829 0.056050780355423824
0.056050780355423824 0.056246724883868046 0.056050780355423824
0.056050780355423824 0.055999050451654125 0.056050780355423824
0.056050780355423824 0.056077264121605505 0.056050780355423824
0.056050780355423824 0.0551735250680035 0.056050780355423824
0.056050780355423824 0.057063296558371834 0.056050780355423824
0.056050780355423824 0.05637913810809719 0.056050780355423824
0.056050780355423824 0.0560823102803117 0.056050780355423824
0.056050780355423824 0.056076767125210064 0.056050780355423824
0.056050780355423824 0.05663464775662964 0.056050780355423824
0.056050780355423824 0.055595364539780014 0.056050780355423824
0.056050780355423824 0.05594698897391974 0.056050780355423824
0.056050780355423824 0.055599645627901366 0.056050780355423824
0.056050780355423824 0.05668292289304409 0.056050780355423824
0.056050780355423824 0.056768596369183244 0.056050780355423824
0.056046965293245016 0.05567804829535681 0.056046965293245016
0.05601972766942831 0.05634899580694588 0.05601972766942831
0.055833732486235604 0.05589069047411391 0.055833732486235604
0.05606476016513513 0.0559844250887269 0.05606476016513513
0.05605078035937671 0.05580796725195632 0.05605078035937671
0.05605078035937671 0.056516725262663915 0.05605078035937671
0.05605078035937671 0.055903744683043294 0.05605078035937671
0.05605078035937671 0.05663683481360053 0.05605078035937671
0.056050775086693684 0.05584244412114328 0.056050775086693684
0.056050775086693684 0.056415358598077114 0.056050775086693684
0.056050775086693684 0.055676717880131406 0.056050775086693684
0.056050775086693684 0.05645490468895527 0.056050775086693684
0.056050775086693684 0.05631316761069726 0.056050775086693684
0.056050775086693684 0.05614363601349312 0.056050775086693684
0.056050775086693684 0.05587812418795774 0.056050775086693684
0.056050775086693684 0.05576767902697547 0.056050775086693684
0.056050775086693684 0.05636600829474577 0.056050775086693684
0.056050775086693684 0.055809003924349815 0.056050775086693684
0.056050775086693684 0.05568554880105543 0.056050775086693684
0.056050775086693684 0.056094373645716004 0.056050775086693684
0.056050775086693684 0.05578410258754301 0.056050775086693684
0.056050775086693684 0.0569386529923261 0.056050775086693684
0.056050775086693684 0.056013060128658504 0.056050775086693684
0.056050775086693684 0.05603570749726681 0.056050775086693684
0.056050775086693684 0.05581911842289035 0.056050775086693684
0.056050775086693684 0.05581039990375635 0.056050775086693684
0.056050775086693684 0.05576042798987809 0.056050775086693684
0.056050775086693684 0.05628612189349651 0.056050775086693684
0.056050775086693684 0.05610961567266844 0.056050775086693684
0.056050775086693684 0.05604152463536068 0.056050775086693684
0.056050775086693684 0.0563026251210019 0.056050775086693684
0.056050775086693684 0.05611531732233411 0.056050775086693684
0.056050775086693684 0.05628409031283392 0.056050775086693684
0.056050775086693684 0.05614669420981495 0.056050775086693684
0.056050775086693684 0.05607064315416671 0.056050775086693684
0.056050775086693684 0.05669109875732432 0.056050775086693684
0.056050775086693684 0.055881897782371764 0.056050775086693684
0.056050775086693684 0.056175903929330424 0.056050775086693684
0.056050775086693684 0.05632162686691656 0.056050775086693684
0.056050775086693684 0.05588039225669049 0.056050775086693684
0.056050775086693684 0.05596462774266273 0.056050775086693684
0.056050775086693684 0.056465130993873035 0.056050775086693684
0.056050775086693684 0.05606814368245313 0.056050775086693684
0.056050775086693684 0.05600799924818467 0.056050775086693684
0.056050775086693684 0.05560044484309607 0.056050775086693684
0.056050775086693684 0.0559427025746513 0.056050775086693684
